66666 1 044 2  202209 INDAY            2212 MUIFA            20220917
22090506  246 1406  025 1008 1
22090512  241 1393  030 1006 1
22090518  237 1381  030 1006 1
22090600  226 1374  030 1004 1
22090606  214 1370  030 1004 1
22090612  198 1367  030 1004 1
22090618  186 1365  030 1004 1
22090700  175 1357  035 1002 2
22090706  172 1351  035 1002 2
22090712  171 1346  035 1002 2
22090718  171 1339  040 1000 2
22090800  171 1329  040 1000 2
22090806  171 1318  040 1000 2
22090812  172 1306  045 0998 2
22090818  175 1301  045 0998 2
22090900  183 1293  050 0996 3
22090906  190 1286  055 0994 3
22090912  195 1279  060 0992 3
22090918  201 1268  065 0990 4
22091000  206 1261  070 0985 4
22091006  210 1258  075 0975 4
22091012  217 1255  080 0965 4
22091018  222 1250  085 0955 4
22091100  225 1246  090 0950 4
22091106  229 1244  090 0950 4
22091112  233 1243  090 0950 4
22091118  237 1242  085 0955 4
22091200  240 1242  075 0965 4
22091206  246 1241  075 0965 4
22091212  249 1240  075 0965 4
22091218  251 1241  075 0965 4
22091300  257 1242  080 0960 4
22091306  261 1240  080 0960 4
22091312  266 1239  080 0960 4
22091318  272 1236  080 0960 4
22091400  280 1233  080 0960 4
22091406  288 1227  080 0960 4
22091412  299 1223  080 0960 4
22091418  312 1215  065 0975 4
22091500  327 1208  055 0985 3
22091506  340 1205  045 0990 2
22091512  353 1203  040 0992 2
22091518  366 1205  040 0992 2
22091600  378 1212  999 0994 7