66666 1 039 1  202211 KARDING          2216 NORU             20221023
22092118  176 1342  025 1004 1
22092200  177 1345  030 1002 1
22092206  179 1346  035 1000 2
22092212  180 1343  035 1000 2
22092218  179 1336  035 1000 2
22092300  176 1323  035 1000 2
22092306  175 1314  040 0998 2
22092312  173 1304  045 0994 2
22092318  169 1293  045 0994 2
22092400  163 1281  050 0992 3
22092406  157 1270  060 0985 3
22092409  155 1265  065 0980 4
22092412  153 1260  070 0975 4
22092415  152 1253  085 0955 4
22092418  151 1247  095 0935 4
22092421  150 1242  100 0925 5
22092500  150 1236  105 0920 5
22092503  150 1231  105 0920 5
22092506  150 1225  100 0925 5
22092509  150 1221  095 0935 4 revised based on SAR data
22092512  152 1215  085 0955 4 revised based on SAR data
22092515  154 1208  080 0965 4
22092518  156 1200  075 0970 4
22092521  158 1191  075 0970 4
22092600  159 1184  070 0975 4
22092606  159 1169  075 0970 4
22092612  159 1157  080 0965 4
22092618  158 1135  085 0955 4
22092700  155 1121  100 0925 5
22092706  156 1113  095 0935 4
22092712  157 1101  085 0950 4
22092718  157 1089  080 0955 4
22092800  158 1076  060 0975 3
22092806  157 1062  045 0990 2
22092812  156 1051  030 0996 1
22092818  155 1044  030 0996 1
22092900  156 1036  025 0998 1
22092906  158 1032  025 0998 1
22092912  160 1030  999 1000 6
