66666 1 040 2  202202 BASYANG          2201 MALAKAS          20220416
22040600  035 1487  025 1006 1
22040606  033 1486  025 1006 1
22040612  033 1485  030 1004 1
22040618  034 1484  030 1004 1
22040700  036 1483  030 1004 1
22040706  039 1477  030 1002 1
22040712  041 1471  030 1002 1
22040718  045 1467  030 1002 1
22040800  051 1463  035 1000 2
22040806  057 1460  040 0998 2
22040812  061 1454  040 0996 2
22040818  065 1447  040 0996 2
22040900  070 1445  040 0996 2
22040906  075 1437  040 0996 2
22040912  083 1429  045 0992 2
22040918  092 1420  045 0992 2
22041000  104 1405  045 0992 2
22041006  114 1386  050 0990 3
22041012  116 1379  050 0990 3
22041018  119 1371  050 0990 3
22041100  124 1364  055 0985 3
22041106  133 1360  055 0985 3
22041112  140 1358  055 0985 3
22041118  146 1356  060 0980 3
22041200  154 1352  065 0975 4
22041206  158 1351  070 0965 4
22041212  161 1354  075 0960 4
22041218  167 1359  080 0955 4
22041300  173 1364  080 0955 4
22041306  178 1370  085 0950 4
22041312  188 1375  085 0950 4
22041318  197 1376  085 0950 4
22041400  206 1380  085 0950 4
22041406  218 1386  080 0955 4
22041412  229 1392  080 0955 4
22041418  248 1397  075 0960 4
22041500  263 1406  070 0965 4
22041506  281 1419  065 0970 4
22041512  301 1440  055 0980 3
22041518  319 1460  999 0975 7