66666 1 036 1  202214 NENENG           2220 NESAT            20221021
22101306  201 1326  025 1000 1
22101312  199 1319  025 1000 1
22101318  197 1309  025 1000 1
22101400  196 1299  025 1000 1
22101406  194 1291  030 0998 1
22101412  191 1283  030 0998 1
22101418  187 1270  030 0998 1
22101421  186 1265  030 0998 1
22101500  186 1257  030 0998 1
22101503  186 1248  030 0998 1
22101506  186 1241  035 0996 2
22101509  187 1236  040 0994 2
22101512  188 1231  045 0992 2
22101515  190 1226  050 0990 3
22101518  192 1221  055 0985 3
22101521  193 1215  055 0985 3
22101600  193 1209  060 0980 3
22101603  194 1204  060 0980 3
22101606  196 1199  065 0975 4
22101612  197 1189  065 0975 4
22101618  197 1181  065 0975 4
22101700  194 1172  070 0970 4
22101706  192 1164  075 0965 4
22101712  189 1155  080 0960 4
22101718  185 1147  080 0960 4
22101800  181 1138  080 0960 4
22101806  178 1131  075 0965 4
22101812  175 1124  070 0970 4
22101818  172 1116  065 0975 4
22101900  170 1108  055 0985 3
22101906  170 1101  045 0992 2
22101912  172 1093  040 0998 2
22101918  174 1086  035 1002 2
22102000  175 1084  030 1004 1
22102006  177 1082  025 1008 1
22102012  176 1079  999 1010 6