66666 1 017 2  202212 LUIS             2218 ROKE             20221002
22092718  192 1335  025 1002 1
22092800  205 1327  030 1000 1
22092806  216 1320  030 1000 1
22092812  229 1315  035 0998 2
22092818  237 1314  045 0994 2
22092900  249 1317  055 0990 3
22092906  258 1322  070 0975 4
22092912  266 1332  075 0970 4
22092918  272 1341  070 0975 4
22093000  282 1360  065 0980 4
22093006  291 1379  060 0985 3
22093012  302 1404  055 0990 3
22093018  311 1427  050 0992 3
22100100  318 1444  050 0992 3
22100106  330 1466  050 0992 3
22100112  340 1483  050 0992 3
22100118  353 1501  999 0990 7