66666 1 016 1  202217 QUEENIE          2223 BANYAN           20221102
22102812  079 1413  025 1006 1
22102818  083 1406  025 1006 1
22102900  087 1401  025 1006 1
22102906  089 1398  025 1004 1
22102912  090 1395  025 1004 1
22102918  090 1389  025 1004 1
22103000  090 1381  025 1004 1
22103006  090 1369  025 1004 1
22103012  086 1362  025 1004 1
22103018  082 1354  030 1002 1
22103100  074 1337  035 1000 2
22103106  071 1328  035 1000 2
22103112  070 1325  025 1004 1
22103118  069 1321  025 1004 1
22110100  070 1317  025 1004 1
22110106  076 1310  999 1006 6