66666 1 033 2  202210 JOSIE            2214 NANMADOL         20220920
22091200  226 1387  025 1000 1
22091206  222 1384  025 1000 1
22091212  217 1383  025 1000 1
22091218  216 1385  025 1000 1
22091300  217 1388  030 0998 1
22091306  220 1392  030 0998 1
22091312  222 1396  030 0998 1
22091318  224 1402  035 0996 2
22091400  226 1406  040 0994 2
22091406  228 1406  040 0994 2
22091412  229 1404  045 0992 2
22091418  231 1397  050 0990 3
22091500  232 1389  060 0980 3
22091506  233 1381  065 0975 4
22091512  234 1373  070 0970 4
22091518  235 1365  075 0965 4
22091600  237 1359  090 0950 4
22091606  242 1354  095 0940 4
22091612  248 1347  100 0925 5
22091618  255 1338  105 0915 5
22091700  260 1331  105 0915 5
22091706  267 1325  105 0915 5
22091712  275 1320  105 0915 5
22091718  285 1314  100 0920 5
22091800  297 1310  095 0925 4
22091806  307 1307  090 0930 4
22091812  319 1305  080 0940 4
22091818  332 1304  070 0960 4
22091900  339 1308  060 0975 3
22091906  353 1324  060 0975 3
22091912  361 1346  055 0980 3
22091918  377 1386  050 0985 3
22092000  398 1426  999 0994 7