66666 1 021 1  202204 DOMENG           2204 AERE             20220706
22063006  194 1310  025 1002 1
22063012  196 1309  030 1000 1
22063018  199 1310  035 0998 2
22070100  203 1312  040 0996 2
22070106  210 1313  040 0996 2
22070112  221 1313  040 0996 2
22070118  230 1311  045 0994 2
22070200  247 1304  045 0994 2
22070206  258 1295  045 0994 2
22070212  265 1281  040 0996 2
22070218  274 1275  040 0996 2
22070300  278 1272  035 0998 2
22070306  282 1268  035 0998 2
22070312  285 1265  035 0998 2
22070318  292 1268  035 0998 2
22070400  301 1274  035 0998 2
22070406  310 1278  035 0998 2
22070412  317 1285  035 0998 2
22070418  328 1294  030 1000 1
22070500  332 1305  025 1002 1
22070506  334 1319  999 1004 6