66666 1 023 1  202215 OBET             9999 UNNAMED          20221024
22101818  207 1321  025 1006 1
22101900  210 1316  025 1006 1
22101906  210 1311  025 1006 1
22101912  209 1305  025 1006 1
22101918  209 1299  025 1006 1
22102000  210 1293  025 1006 1
22102006  209 1284  025 1006 1
22102012  207 1272  030 1004 1
22102018  205 1255  030 1004 1
22102021  205 1249  030 1004 1
22102100  205 1244  030 1004 1
22102103  204 1238  030 1004 1
22102106  202 1231  030 1006 1
22102109  201 1224  030 1006 1
22102112  201 1219  025 1008 1
22102115  203 1214  025 1008 1
22102118  204 1210  025 1008 1
22102200  203 1203  025 1008 1
22102206  203 1195  025 1008 1
22102212  203 1189  025 1008 1
22102218  203 1177  025 1010 1
22102300  201 1167  025 1010 1
22102306  198 1159  999 1010 6