66666 1 028 1  202206 FLORITA          2209 MA-ON            20220827
22082018  183 1290  025 1004 1
22082100  175 1280  025 1004 1
22082106  172 1273  030 1000 1
22082112  169 1263  030 1000 1
22082118  165 1253  035 0998 2
22082200  163 1245  040 0996 2
22082206  162 1237  040 0996 2
22082209  162 1235  040 0996 2
22082212  161 1233  045 0994 2
22082215  159 1234  045 0994 2
22082218  163 1233  050 0992 3
22082221  168 1230  055 0990 3
22082300  172 1226  060 0985 3
22082303  175 1221  060 0985 3
22082306  180 1217  055 0990 3
22082309  184 1210  055 0990 3
22082312  185 1203  050 0992 3
22082318  189 1188  050 0990 3
22082400  193 1176  055 0985 3
22082406  196 1167  055 0985 3
22082412  201 1150  055 0985 3
22082418  206 1133  055 0985 3
22082500  211 1119  055 0985 3
22082506  216 1097  050 0990 3
22082512  214 1082  045 0992 2
22082518  218 1063  035 0996 2
22082600  219 1045  030 0998 1
22082606  217 1025  999 1000 6