66666 1 027 1  202304 DODONG           2304 TALIM            20230719
23071312  162 1231  025 1000 1
23071315  165 1225  025 1000 1
23071318  170 1223  025 1000 1
23071321  178 1219  025 1000 1
23071400  181 1213  025 1000 1
23071403  183 1202  025 1000 1
23071406  179 1196  030 0998 1
23071409  177 1192  030 0998 1
23071412  175 1186  030 0998 1
23071418  176 1184  030 0998 1
23071500  177 1183  035 0996 2
23071506  180 1180  035 0994 2
23071512  184 1175  040 0990 2
23071518  187 1170  045 0985 2
23071600  191 1162  050 0985 3
23071606  193 1155  055 0980 3
23071612  195 1146  060 0980 3
23071618  198 1138  065 0975 4
23071700  202 1131  070 0970 4
23071706  208 1122  070 0970 4
23071712  212 1110  065 0975 4
23071718  214 1097  060 0980 3
23071800  217 1090  050 0985 3
23071806  223 1077  045 0990 2
23071812  224 1068  035 0996 2
23071818  225 1058  025 1000 1
23071900  228 1044  999 1002 6