66666 1 043 1  202305 EGAY             2305 DOKSURI          20230730
23072018  138 1333  025 1004 1
23072100  139 1330  030 1004 1
23072106  141 1326  030 1004 1
23072112  143 1321  030 1004 1
23072118  144 1316  030 1004 1
23072200  144 1311  035 1000 2
23072206  144 1307  040 0998 2
23072212  145 1303  045 0994 2
23072218  147 1297  050 0990 3
23072300  148 1290  055 0985 3
23072306  149 1284  065 0975 4
23072312  151 1277  070 0970 4
23072318  152 1270  075 0965 4
23072400  153 1266  080 0955 4
23072406  157 1263  085 0945 4
23072412  165 1258  090 0935 4
23072415  168 1253  095 0930 4
23072418  169 1251  100 0925 5
23072421  173 1249  100 0925 5
23072500  177 1246  100 0925 5
23072503  180 1241  100 0925 5
23072506  184 1238  095 0930 4
23072509  186 1232  095 0930 4
23072512  189 1227  090 0935 4
23072515  190 1221  090 0935 4
23072518  190 1215  090 0935 4
23072521  187 1214  090 0935 4
23072600  189 1214  085 0945 4
23072603  191 1211  085 0945 4
23072606  193 1210  080 0955 4
23072609  194 1208  080 0955 4
23072612  195 1206  075 0965 4
23072618  200 1201  075 0965 4
23072700  208 1198  075 0965 4
23072706  211 1193  080 0955 4
23072712  218 1192  090 0935 4
23072718  227 1190  095 0930 4
23072800  240 1187  085 0945 4
23072806  257 1181  070 0970 4
23072812  271 1176  050 0990 3
23072818  285 1173  040 0996 2
23072900  300 1165  030 0998 1
23072906  318 1146  999 1000 6