66666 1 028 2  202303 CHEDENG          2303 GUCHOL           20230815
23060600  133 1350  025 1004 1
23060606  137 1349  030 1002 1
23060612  141 1347  035 1000 2
23060618  145 1343  040 0998 2
23060700  146 1341  040 0998 2
23060706  149 1338  045 0994 2
23060712  153 1331  050 0992 3
23060718  156 1325  055 0990 3
23060800  159 1318  060 0985 3
23060806  162 1312  065 0980 4
23060812  165 1308  070 0975 4
23060818  168 1305  075 0965 4
23060900  172 1303  075 0965 4
23060906  178 1301  075 0965 4
23060912  182 1300  075 0965 4
23060918  185 1299  080 0955 4
23061000  191 1300  080 0955 4
23061006  200 1302  080 0955 4
23061012  209 1305  075 0965 4
23061018  220 1310  075 0965 4
23061100  230 1316  070 0970 4
23061106  242 1325  065 0975 4
23061112  255 1338  060 0980 3
23061118  267 1352  060 0980 3
23061200  280 1367  055 0985 3
23061206  294 1382  050 0990 3
23061212  306 1396  045 0992 2
23061218  320 1418  999 0992 7