66666 1 065 1  202306 FALCON           2306 KHANUN           20230813
23072612  095 1414  025 1004 1
23072618  103 1408  030 1002 1
23072700  113 1403  030 1002 1
23072706  119 1394  030 1002 1
23072712  123 1377  030 1002 1
23072718  126 1368  030 1000 1
23072800  129 1362  030 1000 1
23072806  136 1358  035 0998 2
23072812  144 1352  035 0998 2
23072818  150 1343  035 0998 2
23072900  153 1339  035 0998 2
23072906  161 1336  040 0994 2
23072912  168 1333  045 0990 2
23072918  176 1330  050 0985 3
23073000  187 1328  055 0980 3
23073006  196 1327  065 0970 4
23073012  204 1324  075 0960 4
23073018  211 1322  080 0955 4
23073100  220 1320  085 0945 4
23073106  228 1316  090 0940 4
23073112  235 1310  095 0935 4
23073118  241 1303  095 0935 4
23080100  246 1294  095 0930 4
23080106  250 1287  095 0930 4
23080112  253 1280  095 0935 4
23080118  255 1274  090 0940 4
23080200  257 1270  085 0945 4
23080206  261 1261  085 0945 4
23080212  262 1255  085 0945 4
23080218  264 1251  085 0945 4
23080300  265 1247  085 0945 4
23080306  266 1243  080 0950 4
23080312  266 1242  075 0955 4
23080318  268 1243  070 0960 4
23080400  270 1245  065 0965 4
23080406  271 1251  065 0965 4
23080412  275 1257  065 0965 4
23080418  277 1264  060 0970 3
23080500  277 1268  060 0970 3
23080506  277 1277  060 0970 3
23080512  278 1285  060 0970 3
23080518  279 1289  060 0970 3
23080600  279 1293  060 0970 3
23080606  278 1300  060 0970 3
23080612  276 1307  060 0970 3
23080618  277 1309  060 0970 3
23080700  279 1311  060 0970 3
23080706  282 1312  060 0970 3
23080712  284 1312  060 0970 3
23080718  286 1311  060 0970 3
23080800  289 1310  060 0970 3
23080806  294 1307  060 0970 3
23080812  299 1303  060 0970 3
23080818  304 1297  055 0975 3
23080900  309 1293  055 0975 3
23080906  316 1289  055 0975 3
23080912  324 1287  055 0975 3
23080918  334 1286  055 0975 3
23081000  347 1285  050 0980 3
23081006  366 1284  045 0985 2
23081012  378 1284  040 0990 2
23081018  387 1274  030 0994 1
23081100  389 1260  025 0996 1
23081106  391 1252  025 0996 1
23081112  392 1247  999 0998 6