66666 1 019 1  202309 INENG            2313 YUN-YEUNG        20230909
23090412  210 1303  025 1002 1
23090418  211 1306  025 1002 1
23090500  214 1310  025 1002 1
23090506  224 1319  030 1000 1
23090512  235 1324  030 1000 1
23090518  246 1328  030 1000 1
23090600  256 1331  035 0998 2
23090606  265 1343  035 0998 2
23090612  276 1347  040 0996 2
23090618  286 1356  040 0996 2
23090700  297 1364  040 0996 2
23090706  309 1370  040 0996 2
23090712  320 1371  045 0994 2
23090718  325 1371  040 0996 2
23090800  326 1371  035 0998 2
23090806  327 1375  035 1000 2
23090812  334 1379  030 1002 1
23090818  345 1383  025 1004 1
23090900  347 1385  999 1006 6