66666 1 061 1  202307 GORING           2309 SAOLA            20230904
23082200  186 1286  025 1004 1
23082206  187 1278  025 1004 1
23082212  188 1273  025 1004 1
23082218  190 1269  025 1004 1
23082300  191 1264  025 1004 1
23082306  189 1259  025 1004 1
23082312  190 1255  030 1004 1
23082318  196 1253  030 1004 1
23082400  201 1249  035 1002 2
23082406  203 1246  035 1002 2
23082412  202 1242  040 1000 2
23082418  200 1242  045 0998 2
23082500  199 1241  060 0985 3
23082506  198 1238  075 0970 4
23082512  194 1236  080 0965 4
23082518  190 1233  080 0965 4
23082521  187 1233  080 0965 4
23082600  185 1232  085 0960 4
23082603  182 1231  085 0960 4
23082606  180 1231  090 0955 4
23082609  178 1231  095 0945 4
23082612  175 1231  095 0945 4
23082615  173 1230  100 0935 5
23082618  172 1230  100 0935 5
23082621  170 1230  100 0935 5
23082700  168 1229  095 0940 4
23082703  166 1229  095 0940 4
23082706  165 1230  095 0940 4
23082712  162 1232  095 0940 4
23082718  160 1239  090 0945 4
23082800  168 1244  085 0950 4
23082806  174 1243  085 0950 4
23082812  178 1241  085 0950 4
23082818  182 1238  085 0950 4
23082900  185 1235  085 0950 4
23082903  187 1232  085 0950 4
23082906  188 1231  090 0945 4
23082909  190 1229  095 0935 4
23082912  193 1227  100 0925 5
23082915  196 1223  105 0920 5
23082918  199 1219  105 0920 5
23082921  200 1214  105 0920 5
23083000  201 1211  105 0920 5
23083006  204 1203  105 0920 5
23083012  207 1197  100 0925 5
23083018  209 1187  100 0925 5
23083100  210 1182  105 0920 5
23083106  212 1178  105 0920 5
23083112  214 1173  100 0925 5
23083118  216 1168  095 0935 4
23090100  218 1163  095 0935 4
23090106  219 1155  095 0935 4
23090112  220 1145  090 0945 4
23090118  219 1135  080 0960 4
23090200  218 1127  065 0975 4
23090206  217 1119  055 0985 3
23090212  218 1111  040 0994 2
23090218  214 1101  030 0998 1
23090300  210 1097  025 1000 1
23090306  209 1092  025 1000 1
23090312  207 1090  999 1000 6