66666 1 018 1  202301 AMANG            9999 UNNAMED          20230416
23041012  121 1298  025 1006 1
23041018  129 1286  030 1004 1
23041100  135 1271  030 1004 1
23041106  137 1257  030 1004 1
23041109  136 1253  025 1006 1
23041112  135 1251  025 1006 1
23041115  133 1249  025 1006 1
23041118  132 1246  025 1004 1
23041121  133 1243  025 1004 1
23041200  134 1240  025 1004 1
23041203  135 1238  025 1004 1
23041206  137 1237  025 1004 1
23041209  139 1236  025 1004 1
23041212  141 1235  025 1006 1
23041215  142 1233  025 1006 1
23041218  143 1230  025 1006 1
23041221  144 1227  025 1006 1
23041300  145 1222  999 1008 6