66666 1 044 1  202310 JENNY            2314 KOINU            20231010
23092818  158 1375  025 1004 1
23092900  157 1357  030 1002 1
23092906  156 1348  030 1002 1
23092912  155 1342  030 1002 1
23092918  155 1332  035 1000 2
23093000  154 1321  035 0998 2
23093006  157 1314  035 0998 2
23093012  164 1309  040 0996 2
23093018  170 1302  045 0992 2
23100100  174 1295  050 0990 3
23100106  179 1289  055 0985 3
23100112  183 1285  065 0975 4
23100118  187 1280  075 0965 4
23100200  192 1273  080 0960 4
23100206  196 1267  085 0955 4
23100212  199 1262  090 0945 4
23100218  202 1256  090 0945 4
23100300  206 1252  085 0950 4
23100306  212 1249  085 0950 4
23100312  216 1248  080 0955 4
23100318  219 1243  080 0955 4
23100400  221 1236  085 0950 4
23100406  221 1228  090 0945 4
23100412  220 1220  095 0940 4
23100418  219 1213  095 0940 4
23100500  219 1209  080 0960 4
23100506  220 1200  070 0970 4
23100512  220 1192  070 0970 4
23100518  219 1185  065 0975 4
23100600  218 1177  075 0965 4
23100606  216 1169  080 0960 4
23100612  214 1163  080 0960 4
23100618  212 1158  085 0955 4
23100700  211 1155  085 0955 4
23100706  211 1153  085 0955 4
23100712  212 1152  085 0955 4
23100718  214 1149  080 0960 4
23100800  215 1146  080 0965 4
23100806  216 1143  080 0965 4
23100812  217 1141  075 0970 4
23100818  217 1137  070 0975 4
23100900  217 1132  060 0985 3
23100906  215 1128  040 1000 2
23100912  212 1125  999 1008 6