66666 1 027 2  202108 HUANING          2109 LUPIT            20210813
21080212  208 1119  025 0996 1
21080218  210 1127  025 0996 1
21080300  213 1134  030 0994 1
21080306  213 1136  030 0994 1
21080312  212 1141  030 0994 1
21080318  210 1149  030 0994 1
21080400  212 1155  035 0992 2
21080406  215 1159  035 0992 2
21080412  217 1164  040 0990 2
21080418  225 1168  040 0990 2
21080500  231 1169  040 0990 2
21080506  235 1171  040 0990 2
21080512  240 1176  040 0990 2
21080518  243 1177  035 0992 2
21080600  244 1182  035 0992 2
21080606  247 1189  035 0992 2
21080612  251 1193  035 0992 2
21080618  249 1197  035 0992 2
21080700  247 1207  035 0992 2
21080706  256 1228  035 0992 2
21080712  272 1246  040 0990 2
21080718  285 1258  040 0990 2
21080800  294 1266  040 0990 2
21080806  301 1277  040 0990 2
21080812  319 1309  045 0985 2
21080818  337 1326  050 0985 3
21080900  353 1334  999 0980 7