66666 1 043 1  202110 JOLINA           2113 CONSON           20210919
21090506  108 1305  025 1006 1
21090512  104 1296  030 1002 1
21090515  103 1292  035 1000 2
21090518  102 1286  040 0998 2
21090521  102 1281  045 0996 2
21090600  103 1276  050 0994 3
21090603  105 1272  055 0992 3
21090606  108 1268  060 0990 3
21090609  110 1264  060 0990 3
21090612  112 1259  065 0985 4
21090615  114 1253  065 0985 4
21090618  116 1249  060 0990 3
21090621  118 1246  060 0990 3
21090700  120 1243  055 0992 3
21090703  122 1238  055 0992 3
21090706  124 1234  050 0994 3
21090709  127 1230  050 0994 3
21090712  129 1227  055 0992 3
21090715  131 1224  055 0992 3
21090718  133 1220  055 0992 3
21090721  135 1217  055 0992 3
21090800  137 1214  055 0992 3
21090803  139 1211  050 0994 3
21090806  141 1209  050 0994 3
21090809  144 1206  045 0996 2
21090812  148 1202  040 0998 2
21090815  154 1194  040 0998 2
21090818  156 1190  040 0998 2
21090900  157 1184  040 0998 2
21090906  159 1168  040 0998 2
21090912  160 1150  045 0994 2
21090918  161 1137  045 0994 2
21091000  157 1128  045 0994 2
21091006  156 1120  050 0990 3
21091012  156 1114  050 0990 3
21091018  157 1108  050 0990 3
21091100  157 1101  050 0990 3
21091106  156 1095  045 0992 2
21091112  154 1092  040 0994 2
21091118  152 1091  035 0996 2
21091200  152 1092  030 0998 1
21091206  153 1092  025 0998 1
21091212  153 1091  999 1000 6