66666 1 026 2  202107 GORIO            2110 MIRINAE          20210813
21080318  246 1256  025 0998 1
21080400  250 1262  025 0998 1
21080406  253 1264  030 0996 1
21080412  255 1265  030 0996 1
21080418  260 1267  030 0996 1
21080500  265 1271  030 0996 1
21080506  268 1278  035 0994 2
21080512  270 1288  035 0992 2
21080518  269 1300  040 0990 2
21080600  269 1314  040 0990 2
21080606  273 1333  040 0990 2
21080612  279 1347  040 0990 2
21080618  284 1367  040 0990 2
21080700  293 1376  040 0990 2
21080706  310 1384  040 0990 2
21080712  317 1390  040 0990 2
21080718  332 1395  045 0980 2
21080800  340 1407  045 0980 2
21080806  352 1421  045 0980 2
21080812  362 1436  045 0980 2
21080818  370 1451  045 0980 2
21080900  377 1475  045 0980 2
21080906  382 1497  045 0980 2
21080912  384 1520  045 0980 2
21080918  385 1545  040 0985 2
21081000  385 1583  999 0990 7