66666 1 029 1  202101 AURING           2101 DUJUAN           20210428
21021618  065 1351  025 1004 1
21021700  064 1343  025 1004 1
21021706  065 1336  030 1002 1
21021712  067 1331  030 1000 1
21021718  069 1328  030 1000 1
21021800  071 1325  035 0998 2
21021806  073 1321  035 0998 2
21021812  072 1319  040 0996 2
21021818  069 1317  040 0996 2
21021900  067 1315  045 0994 2
21021906  065 1310  045 0994 2
21021912  063 1308  045 0994 2
21021918  061 1309  040 0996 2
21022000  064 1314  040 0996 2
21022006  069 1316  035 1000 2
21022012  075 1313  030 1004 1
21022018  080 1307  030 1004 1
21022021  082 1303  030 1004 1
21022100  084 1297  030 1004 1
21022103  088 1292  030 1004 1
21022106  092 1289  030 1004 1
21022109  097 1282  030 1004 1
21022112  099 1276  030 1004 1
21022115  100 1273  030 1004 1
21022118  103 1269  025 1006 1
21022121  108 1265  025 1006 1
21022200  122 1256  025 1006 1
21022203  130 1245  025 1006 1
21022206  134 1235  999 1008 6