66666 1 055 2  202109 ISANG            2112 OMAIS            20210826
21081012  123 1788  025 1008 1
21081018  124 1781  025 1008 1
21081100  124 1773  025 1008 1
21081106  123 1766  025 1008 1
21081112  123 1759  025 1008 1
21081118  124 1752  025 1008 1
21081200  125 1745  025 1008 1
21081206  126 1736  025 1008 1
21081212  127 1723  025 1008 1
21081218  128 1708  025 1008 1
21081300  128 1695  025 1008 1
21081306  128 1680  025 1008 1
21081312  127 1663  025 1010 1
21081318  126 1648  025 1010 1
21081400  125 1637  025 1010 1
21081406  124 1622  025 1008 1
21081412  124 1608  025 1010 1
21081418  125 1591  025 1010 1
21081500  126 1574  025 1010 1
21081506  127 1559  025 1010 1
21081512  128 1545  999 1012 6
21081518  129 1531  999 1010 6
21081600  130 1514  999 1012 6
21081606  131 1498  999 1010 6
21081612  132 1482  999 1010 6
21081618  133 1466  999 1008 6
21081700  134 1452  999 1008 6
21081706  134 1438  999 1008 6
21081712  135 1419  999 1008 6
21081718  137 1406  999 1006 6
21081800  142 1391  999 1008 6
21081806  146 1384  999 1006 6
21081812  150 1378  025 1006 1
21081818  156 1371  025 1006 1
21081900  167 1355  025 1006 1
21081906  175 1340  025 1006 1
21081912  180 1329  025 1006 1
21081918  183 1320  030 1004 1
21082000  186 1310  030 1004 1
21082006  190 1301  030 1004 1
21082012  195 1296  035 1002 2
21082018  205 1290  035 1002 2
21082100  215 1282  040 1000 2
21082106  220 1277  045 0998 2
21082112  227 1270  050 0996 3
21082118  235 1264  050 0994 3
21082200  243 1258  050 0994 3
21082206  251 1253  045 0994 2
21082212  260 1250  040 0996 2
21082218  272 1249  040 0996 2
21082300  290 1254  040 0996 2
21082306  313 1256  035 0998 2
21082312  337 1270  035 0998 2
21082318  361 1295  035 0998 2
21082400  374 1313  999 0998 7