66666 1 060 2  202302 BETTY            2302 MAWAR            20230606
23051912  050 1490  025 1004 1
23051918  051 1492  025 1004 1
23052000  052 1493  030 1002 1
23052006  055 1494  030 1002 1
23052012  058 1493  035 1000 2
23052018  063 1492  045 0996 2
23052100  069 1490  050 0994 3
23052106  074 1486  060 0990 3
23052112  078 1480  065 0985 4
23052118  082 1476  070 0980 4
23052200  087 1473  070 0980 4
23052206  094 1470  075 0975 4
23052212  100 1469  080 0970 4
23052218  106 1469  085 0960 4
23052300  112 1469  095 0940 4
23052306  118 1465  100 0930 5
23052312  123 1460  100 0930 5
23052318  125 1458  095 0940 4
23052400  130 1456  090 0945 4
23052406  136 1452  090 0945 4
23052412  138 1448  095 0940 4
23052418  141 1441  100 0930 5
23052500  143 1435  105 0920 5
23052506  145 1428  110 0910 5
23052512  147 1416  110 0910 5
23052518  149 1405  115 0905 5
23052600  151 1393  115 0905 5
23052606  153 1379  115 0905 5
23052612  157 1365  110 0910 5
23052618  160 1350  105 0915 5
23052700  163 1335  100 0925 5
23052706  166 1322  100 0925 5
23052712  168 1309  095 0935 4
23052718  170 1297  095 0935 4
23052800  172 1287  090 0945 4
23052806  175 1279  085 0950 4
23052812  179 1274  085 0950 4
23052818  186 1267  085 0950 4
23052900  191 1262  085 0950 4
23052906  194 1258  085 0950 4
23052912  197 1256  085 0950 4
23052918  201 1254  080 0955 4
23053000  204 1251  075 0960 4
23053006  206 1250  075 0960 4
23053012  208 1250  070 0965 4
23053018  212 1250  070 0965 4
23053100  215 1252  065 0965 4
23053106  222 1254  065 0965 4
23053112  227 1255  060 0970 3
23053118  235 1256  060 0970 3
23060100  242 1258  055 0970 3
23060106  250 1263  055 0970 3
23060112  260 1272  055 0970 3
23060118  268 1281  050 0975 3
23060200  274 1296  045 0980 2
23060206  282 1312  045 0980 2
23060212  292 1331  045 0980 2
23060218  302 1350  045 0980 2
23060300  313 1374  040 0985 2
23060306  324 1404  999 0985 7