66666 1 038 1  202308 HANNA            2311 HAIKUI           20230908
23082706  177 1441  025 1000 1
23082712  180 1439  025 1000 1
23082718  183 1435  025 1000 1
23082800  184 1430  025 1000 1
23082806  183 1422  030 0998 1
23082812  184 1408  030 0998 1
23082818  186 1395  035 0996 2
23082900  189 1384  045 0992 2
23082906  191 1378  050 0990 3
23082912  194 1371  050 0990 3
23082918  196 1367  045 0992 2
23083000  200 1362  045 0992 2
23083006  204 1355  045 0992 2
23083012  207 1347  045 0992 2
23083018  210 1339  050 0990 3
23083100  213 1331  055 0985 3
23083106  216 1321  055 0985 3
23083112  218 1312  060 0980 3
23083118  219 1303  060 0980 3
23090100  220 1294  065 0975 4
23090106  220 1285  065 0975 4
23090112  219 1277  065 0975 4
23090118  220 1272  065 0975 4
23090200  222 1264  070 0970 4
23090206  224 1254  075 0965 4
23090212  226 1244  075 0965 4
23090218  225 1232  080 0955 4
23090300  226 1227  085 0945 4
23090306  229 1216  085 0945 4
23090312  227 1202  070 0970 4
23090318  225 1201  065 0975 4
23090400  232 1198  055 0985 3
23090406  231 1194  050 0990 3
23090412  235 1187  045 0992 2
23090418  236 1177  035 0996 2
23090500  236 1170  030 0998 1
23090506  236 1166  025 1000 1
23090512  236 1160  999 1002 6