66666 1 037 2  202104 DANTE            2103 CHOI-WAN         20210608
21052912  059 1356  025 1004 1
21052918  061 1345  025 1004 1
21053000  063 1339  030 1002 1
21053006  066 1333  030 1000 1
21053012  070 1327  030 1000 1
21053018  075 1319  035 0998 2
21053100  083 1307  040 0996 2
21053106  090 1298  040 0996 2
21053112  095 1291  040 0996 2
21053118  098 1283  040 0996 2
21053121  099 1277  040 0996 2
21060100  100 1273  040 0996 2
21060103  104 1269  040 0996 2
21060106  111 1267  035 0998 2
21060109  116 1261  035 0998 2
21060112  117 1256  035 0998 2
21060115  118 1246  035 0998 2
21060118  119 1236  035 0998 2
21060121  121 1228  035 0998 2
21060200  126 1223  035 0998 2
21060203  130 1218  035 0998 2
21060206  133 1214  035 0998 2
21060209  136 1210  035 0998 2
21060212  138 1207  035 0998 2
21060215  143 1203  035 0998 2
21060218  151 1200  035 0998 2
21060221  160 1195  035 0998 2
21060300  166 1189  035 0998 2
21060306  175 1184  035 0998 2
21060312  185 1183  035 0998 2
21060318  194 1184  035 0998 2
21060400  203 1188  035 0998 2
21060406  209 1195  035 0998 2
21060412  220 1213  030 1000 1
21060418  232 1226  030 1000 1
21060500  248 1238  035 0998 2
21060506  267 1259  999 0998 7