66666 2 060 2  202111 KIKO             2114 CHANTHU          20231230
21090518  134 1389  025 1006 1
21090600  135 1386  025 1004 1
21090606  139 1384  030 1002 1
21090612  146 1379  035 1000 2
21090618  152 1374  045 0996 2
21090700  156 1366  050 0992 3
21090706  161 1356  065 0980 4
21090712  163 1346  075 0970 4
21090718  163 1335  080 0960 4
21090800  160 1324  090 0945 4
21090806  157 1313  095 0940 4
21090812  155 1303  095 0940 4
21090818  154 1291  100 0935 5
21090900  155 1280  105 0930 5
21090906  158 1271  105 0930 5
21090912  161 1260  100 0940 5
21090915  163 1254  100 0940 5
21090918  166 1250  100 0935 5
21090921  169 1245  105 0930 5
21091000  171 1241  105 0930 5
21091003  175 1237  110 0920 5
21091006  178 1235  115 0910 5
21091009  183 1232  115 0910 5
21091012  187 1228  115 0910 5
21091015  191 1225  115 0910 5
21091018  195 1223  115 0910 5
21091021  199 1221  115 0915 5
21091100  203 1220  110 0920 5
21091103  207 1217  110 0925 5
21091106  210 1216  105 0930 5
21091109  213 1218  105 0930 5
21091112  218 1219  100 0935 5
21091115  222 1219  100 0935 5
21091118  228 1220  095 0940 4
21091200  238 1223  090 0945 4
21091206  252 1223  090 0945 4
21091212  262 1227  085 0950 4
21091218  276 1231  085 0955 4
21091300  291 1235  080 0960 4
21091306  307 1233  075 0965 4
21091312  309 1232  070 0970 4
21091318  314 1235  065 0975 4
21091400  313 1238  060 0980 3
21091406  309 1243  055 0985 3
21091412  305 1247  050 0990 3
21091418  302 1252  045 0992 2
21091500  303 1257  045 0992 2
21091506  304 1259  045 0992 2
21091512  302 1257  045 0992 2
21091518  302 1254  050 0990 3
21091600  304 1250  050 0990 3
21091606  311 1253  050 0990 3
21091612  317 1258  050 0990 3
21091618  323 1264  050 0990 3
21091700  329 1275  050 0990 3
21091706  335 1292  050 0990 3
21091712  338 1316  045 0992 2
21091718  340 1341  040 0994 2
21091800  345 1367  030 1000 1
21091806  344 1376  999 1000 7