66666 1 051 2  202102 BISING           2102 SURIGAE          20210920
21041212  067 1402  025 1006 1
21041218  068 1391  025 1006 1
21041300  069 1385  025 1006 1
21041306  071 1380  030 1004 1
21041312  075 1378  030 1004 1
21041318  079 1378  035 1000 2
21041400  085 1377  040 0998 2
21041406  086 1373  040 0998 2
21041412  086 1370  040 0998 2
21041418  086 1368  045 0994 2
21041500  086 1366  050 0992 3
21041506  086 1363  050 0990 3
21041512  086 1359  055 0985 3
21041518  087 1353  065 0975 4
21041600  089 1346  070 0970 4
21041606  092 1337  075 0965 4
21041612  095 1330  080 0960 4
21041618  100 1321  095 0945 4
21041700  107 1311  100 0935 5
21041706  113 1302  105 0920 5
21041712  120 1293  115 0900 5
21041718  126 1285  120 0895 5
21041800  131 1277  110 0905 5
21041806  134 1271  105 0920 5
21041812  136 1268  100 0930 5
21041818  139 1265  100 0930 5
21041900  142 1264  100 0930 5
21041906  145 1263  100 0930 5
21041912  148 1263  095 0935 4
21041918  151 1263  095 0935 4
21042000  154 1262  095 0935 4
21042006  158 1260  095 0935 4
21042012  164 1259  095 0935 4
21042018  170 1256  095 0935 4
21042100  175 1252  095 0935 4
21042106  181 1249  095 0935 4
21042112  188 1248  090 0940 4
21042118  193 1248  085 0945 4
21042200  197 1249  085 0950 4
21042206  203 1254  080 0955 4
21042212  210 1261  080 0955 4
21042218  216 1270  075 0960 4
21042300  222 1280  070 0970 4
21042306  230 1292  065 0975 3
21042312  234 1299  060 0980 3
21042318  233 1305  055 0985 3
21042400  230 1312  050 0990 3
21042406  227 1319  045 0992 2
21042412  222 1328  040 0994 2
21042418  217 1341  040 0994 2
21042500  216 1360  999 0998 7