66666 2 045 1  202110 JOLINA           2113 CONSON           20231230
21090506  108 1304  025 1006 1
21090512  104 1296  030 1004 1
21090515  101 1290  030 1004 1
21090518  100 1286  035 1000 2
21090521  101 1282  040 0998 2
21090600  103 1277  045 0996 2
21090603  105 1272  050 0994 3
21090606  108 1268  055 0992 3
21090609  110 1264  060 0990 3
21090612  112 1259  065 0985 4
21090615  114 1254  060 0990 3
21090618  116 1249  060 0990 3
21090621  118 1246  055 0992 3
21090700  120 1243  055 0992 3
21090703  122 1238  055 0992 3
21090706  124 1235  050 0994 3
21090709  127 1231  050 0994 3
21090712  129 1228  055 0992 3
21090715  131 1224  055 0992 3
21090718  133 1220  060 0990 3
21090721  135 1217  065 0985 4
21090800  137 1214  055 0992 3
21090803  139 1211  050 0994 3
21090806  141 1208  050 0994 3
21090809  144 1205  045 0996 2
21090812  148 1201  040 0998 2
21090815  154 1194  040 0998 2
21090818  156 1191  040 0998 2
21090900  157 1183  040 0998 2
21090906  158 1168  040 0998 2
21090912  158 1150  045 0994 2
21090918  159 1139  050 0990 3
21091000  157 1128  050 0990 3
21091006  157 1121  050 0990 3
21091012  156 1114  050 0990 3
21091018  156 1108  050 0990 3
21091100  156 1101  045 0992 2
21091106  155 1096  045 0992 2
21091112  153 1093  040 0994 2
21091118  152 1092  035 0996 2
21091200  152 1092  030 0998 1
21091206  153 1091  030 0998 1
21091212  153 1091  025 1000 1
21091218  155 1090  025 1000 1
21091300  158 1088  999 1002 6