66666 1 036 1  202112 LANNIE           2117 LIONROCK         20211013
21100312  087 1272  025 1004 1
21100315  091 1267  025 1004 1
21100318  095 1262  025 1002 1
21100321  099 1255  025 1002 1
21100400  101 1250  025 1004 1
21100403  100 1244  025 1004 1
21100406  098 1236  025 1002 1
21100409  097 1226  025 1002 1
21100412  100 1217  025 1004 1
21100415  104 1211  025 1004 1
21100418  108 1206  025 1002 1
21100421  112 1200  025 1002 1
21100500  118 1191  025 1002 1
21100503  121 1186  025 1002 1
21100506  124 1181  025 1002 1
21100512  130 1169  025 1002 1
21100518  139 1154  025 1002 1
21100600  146 1145  025 1000 1
21100606  154 1135  025 1000 1
21100612  158 1129  030 0998 1
21100618  161 1123  030 0998 1
21100700  163 1119  030 0998 1
21100706  165 1115  030 0996 1
21100712  169 1113  030 0996 1
21100718  174 1112  030 0994 1
21100800  180 1111  035 0992 2
21100806  185 1109  035 0992 2
21100812  189 1106  035 0992 2
21100818  193 1102  035 0992 2
21100900  197 1099  035 0994 2
21100906  200 1097  035 0994 2
21100912  201 1094  035 0994 2
21100918  203 1090  035 0996 2
21101000  206 1082  035 0996 2
21101006  206 1071  030 1000 1
21101012  204 1062  025 1002 1
21101018  203 1056  999 1004 6