66666 2 027 1  202101 AURING           2101 DUJUAN           20231229
21021618  068 1351  025 1004 1
21021700  066 1343  025 1004 1
21021706  065 1337  030 1002 1
21021712  065 1332  030 1000 1
21021718  067 1328  030 1000 1
21021800  070 1325  035 0998 2
21021806  073 1321  035 0998 2
21021812  072 1319  040 0996 2
21021818  071 1316  040 0996 2
21021900  070 1312  045 0994 2
21021906  068 1304  045 0994 2
21021912  063 1305  040 0996 2
21021918  061 1310  040 0996 2
21022000  064 1313  040 0996 2
21022006  069 1311  035 0998 2
21022012  074 1304  030 1000 1
21022018  078 1297  030 1000 1
21022021  080 1294  030 1000 1
21022100  083 1291  030 1000 1
21022103  086 1288  030 1000 1
21022106  090 1284  030 1000 1
21022109  096 1276  030 1002 1
21022112  101 1270  025 1004 1
21022115  108 1264  025 1004 1
21022118  115 1259  025 1006 1
21022121  119 1255  025 1006 1
21022200  122 1251  999 1008 6