66666 2 037 1  202113 MARING           2118 KOMPASU          20231231
21100706  137 1297  025 1002 1
21100712  135 1299  025 1002 1
21100718  129 1302  025 1000 1
21100800  125 1302  030 0996 1
21100806  123 1301  035 0994 2
21100812  122 1299  035 0994 2
21100818  119 1298  040 0992 2
21100900  117 1303  040 0992 2
21100906  126 1311  040 0992 2
21100912  143 1304  045 0990 2
21100918  156 1301  045 0990 2
21101000  171 1288  045 0990 2
21101006  176 1280  045 0990 2
21101012  182 1267  045 0985 2
21101015  185 1260  045 0985 2
21101018  187 1253  045 0985 2
21101021  187 1249  045 0985 2
21101100  187 1244  050 0980 3
21101103  187 1237  050 0980 3
21101106  187 1230  050 0980 3
21101109  188 1223  050 0980 3
21101112  189 1217  055 0975 3
21101115  189 1210  055 0975 3
21101118  189 1203  055 0975 3
21101121  189 1197  055 0975 3
21101200  189 1191  055 0975 3
21101206  188 1173  055 0975 3
21101212  188 1162  055 0975 3
21101218  191 1146  055 0975 3
21101300  191 1128  055 0975 3
21101306  191 1110  055 0975 3
21101312  189 1093  045 0985 2
21101318  187 1085  040 0992 2
21101400  189 1075  035 0996 2
21101406  196 1067  030 1000 1
21101412  194 1055  025 1004 1
21101418  193 1031  999 1006 6