66666 2 037 1  202112 LANNIE           2117 LIONROCK         20231231
21100312  087 1272  025 1004 1
21100315  091 1267  025 1004 1
21100318  095 1262  025 1002 1
21100321  099 1255  025 1002 1
21100400  101 1250  025 1004 1
21100403  100 1244  025 1004 1
21100406  098 1236  025 1002 1
21100409  097 1226  025 1002 1
21100412  100 1217  025 1004 1
21100415  104 1211  025 1004 1
21100418  108 1206  025 1002 1
21100421  112 1200  025 1002 1
21100500  118 1191  025 1002 1
21100503  121 1186  025 1002 1
21100506  124 1181  025 1002 1
21100512  130 1169  025 1002 1
21100518  139 1153  025 1002 1
21100600  144 1143  025 1000 1
21100606  150 1133  025 1000 1
21100612  157 1123  030 0998 1
21100618  160 1120  030 0998 1
21100700  164 1117  030 0998 1
21100706  169 1114  030 0996 1
21100712  172 1113  030 0996 1
21100718  174 1111  035 0994 2
21100800  179 1109  035 0992 2
21100806  185 1109  035 0992 2
21100812  191 1106  035 0992 2
21100818  193 1100  035 0992 2
21100900  196 1102  035 0994 2
21100906  198 1103  035 0994 2
21100912  200 1098  035 0994 2
21100918  204 1090  035 0996 2
21101000  207 1080  035 0996 2
21101006  206 1069  030 1000 1
21101012  204 1062  025 1002 1
21101018  203 1056  999 1004 6