66666 2 051 2  202102 BISING           2102 SURIGAE          20231229
21041212  065 1403  025 1006 1
21041218  070 1397  025 1006 1
21041300  074 1392  025 1006 1
21041306  077 1388  030 1004 1
21041312  080 1383  030 1004 1
21041318  082 1379  035 1000 2
21041400  084 1376  040 0998 2
21041406  087 1373  040 0998 2
21041412  088 1370  045 0994 2
21041418  088 1368  045 0994 2
21041500  087 1366  050 0990 3
21041506  086 1361  055 0985 3
21041512  086 1358  060 0980 3
21041518  087 1353  065 0975 4
21041600  089 1346  070 0970 4
21041606  092 1338  075 0965 4
21041612  095 1331  080 0960 4
21041618  100 1321  095 0945 4
21041700  107 1311  100 0935 5
21041706  114 1301  105 0920 5
21041712  120 1292  115 0900 5
21041718  126 1284  120 0895 5
21041800  131 1277  110 0905 5
21041806  134 1271  105 0920 5
21041812  136 1268  100 0930 5
21041818  139 1265  100 0930 5
21041900  142 1264  100 0930 5
21041906  145 1263  100 0930 5
21041912  148 1263  095 0935 4
21041918  151 1262  095 0935 4
21042000  155 1261  095 0935 4
21042006  159 1260  095 0935 4
21042012  164 1259  095 0935 4
21042018  170 1255  095 0935 4
21042100  175 1252  095 0935 4
21042106  181 1249  095 0935 4
21042112  188 1248  090 0945 4
21042118  193 1248  085 0955 4
21042200  197 1249  085 0950 4
21042206  203 1254  085 0955 4
21042212  209 1261  080 0960 4
21042218  216 1270  075 0965 4
21042300  223 1280  070 0970 4
21042306  231 1290  065 0975 4
21042312  234 1299  060 0980 3
21042318  233 1305  055 0985 3
21042400  230 1312  050 0990 3
21042406  227 1318  045 0992 2
21042412  222 1328  040 0994 2
21042418  217 1341  040 0994 2
21042500  218 1360  999 0996 7