66666 2 027 2  202108 HUANING          2109 LUPIT            20231230
21080212  209 1118  025 0996 1
21080218  210 1127  025 0996 1
21080300  213 1134  030 0994 1
21080306  215 1137  030 0994 1
21080312  212 1141  030 0994 1
21080318  210 1148  030 0994 1
21080400  212 1155  035 0992 2
21080406  215 1158  035 0992 2
21080412  217 1164  040 0990 2
21080418  225 1168  045 0985 2
21080500  231 1169  045 0985 2
21080506  235 1171  040 0990 2
21080512  239 1173  040 0990 2
21080518  242 1177  035 0992 2
21080600  244 1182  035 0992 2
21080606  247 1189  035 0992 2
21080612  250 1193  035 0992 2
21080618  251 1198  035 0992 2
21080700  248 1207  035 0992 2
21080706  256 1228  035 0992 2
21080712  272 1245  035 0992 2
21080718  283 1258  040 0990 2
21080800  293 1266  040 0990 2
21080806  301 1277  040 0990 2
21080812  315 1306  040 0990 2
21080818  337 1323  045 0985 2
21080900  353 1334  999 0980 7