66666 2 026 2  202107 GORIO            2110 MIRINAE          20231230
21080318  245 1258  025 0998 1
21080400  248 1261  025 0998 1
21080406  251 1264  025 0998 1
21080412  256 1269  025 0998 1
21080418  260 1272  030 0996 1
21080500  263 1274  030 0996 1
21080506  268 1281  035 0994 2
21080512  269 1289  040 0992 2
21080518  269 1301  040 0992 2
21080600  270 1318  040 0990 2
21080606  273 1333  040 0990 2
21080612  277 1348  045 0985 2
21080618  284 1364  045 0985 2
21080700  295 1376  045 0985 2
21080706  309 1385  045 0985 2
21080712  319 1389  045 0985 2
21080718  332 1395  050 0980 3
21080800  341 1407  050 0980 3
21080806  352 1422  050 0980 3
21080812  361 1436  050 0980 3
21080818  368 1451  045 0985 2
21080900  377 1475  045 0985 2
21080906  383 1497  045 0985 2
21080912  386 1522  040 0990 2
21080918  386 1545  040 0992 2
21081000  387 1583  999 0992 7