66666 2 014 1  202103 CRISING          9999 UNNAMED          20231229
21051200  065 1314  025 1006 1
21051206  066 1310  025 1006 1
21051212  068 1304  025 1006 1
21051218  070 1298  030 1004 1
21051221  071 1295  030 1004 1
21051300  072 1291  035 1002 2
21051303  073 1286  035 1002 2
21051306  074 1280  035 1002 2
21051309  075 1272  035 1002 2
21051312  075 1267  030 1004 1
21051315  075 1264  030 1004 1
21051318  075 1261  025 1006 1
21051321  075 1257  025 1006 1
21051400  075 1250  999 1008 6