66666 2 055 2  202109 ISANG            2112 OMAIS            20231230
21081012  123 1788  025 1008 1
21081018  124 1781  030 1006 1
21081100  124 1773  030 1006 1
21081106  123 1766  030 1006 1
21081112  122 1759  030 1006 1
21081118  123 1752  030 1006 1
21081200  125 1745  030 1006 1
21081206  126 1736  030 1004 1
21081212  127 1723  030 1004 1
21081218  127 1708  030 1004 1
21081300  127 1695  030 1004 1
21081306  126 1680  030 1004 1
21081312  126 1663  030 1006 1
21081318  125 1649  025 1008 1
21081400  124 1637  025 1008 1
21081406  123 1622  025 1008 1
21081412  123 1605  025 1010 1
21081418  123 1588  025 1010 1
21081500  126 1570  025 1010 1
21081506  129 1557  025 1010 1
21081512  131 1544  999 1012 6
21081518  137 1531  999 1012 6
21081600  138 1516  999 1012 6
21081606  136 1498  999 1010 6
21081612  133 1482  999 1010 6
21081618  132 1466  999 1008 6
21081700  132 1452  999 1010 6
21081706  133 1435  999 1008 6
21081712  135 1419  999 1010 6
21081718  137 1406  999 1008 6
21081800  142 1391  999 1010 6
21081806  146 1384  999 1008 6
21081812  150 1378  025 1008 1
21081818  156 1370  025 1006 1
21081900  167 1354  025 1008 1
21081906  175 1340  025 1006 1
21081912  179 1331  025 1006 1
21081918  184 1319  030 1004 1
21082000  187 1310  030 1006 1
21082006  189 1301  030 1004 1
21082012  193 1296  035 1002 2
21082018  201 1292  040 1000 2
21082100  213 1284  045 0998 2
21082106  221 1277  050 0996 3
21082112  229 1270  055 0992 3
21082118  235 1265  055 0992 3
21082200  243 1259  050 0994 3
21082206  251 1253  045 0994 2
21082212  259 1250  040 0996 2
21082218  272 1248  040 0996 2
21082300  290 1253  040 0996 2
21082306  313 1257  035 0998 2
21082312  336 1270  035 0998 2
21082318  361 1295  035 0998 2
21082400  375 1314  999 0998 7