66666 2 048 1  202115 ODETTE           2122 RAI              20231231
21121200  048 1450  025 1002 1
21121206  049 1440  025 1002 1
21121212  050 1432  025 1002 1
21121218  051 1426  025 1002 1
21121300  053 1420  030 1000 1
21121306  057 1409  035 0998 2
21121312  063 1397  040 0996 2
21121318  068 1386  045 0992 2
21121400  074 1371  050 0990 3
21121406  078 1356  050 0990 3
21121412  082 1347  055 0985 3
21121418  087 1334  060 0980 3
21121500  089 1323  065 0975 4
21121506  091 1310  070 0970 4
21121509  091 1307  075 0965 4
21121512  091 1302  075 0965 4
21121515  092 1296  080 0960 4
21121518  094 1290  085 0955 4
21121521  095 1283  095 0935 4
21121600  097 1276  105 0915 5
21121603  098 1268  105 0915 5
21121606  099 1260  105 0915 5
21121609  100 1252  100 0925 5
21121612  101 1243  095 0935 4
21121615  101 1234  090 0945 4
21121618  101 1225  085 0950 4
21121621  101 1219  080 0955 4
21121700  101 1212  080 0955 4
21121703  102 1205  080 0955 4
21121706  103 1199  080 0955 4
21121709  103 1192  080 0955 4
21121712  104 1186  080 0955 4
21121715  106 1180  080 0955 4
21121718  108 1174  080 0955 4
21121800  110 1160  085 0945 4
21121806  112 1147  095 0935 4
21121812  118 1134  100 0925 5
21121818  126 1122  105 0915 5
21121900  131 1114  100 0920 5
21121906  139 1108  090 0940 4
21121912  148 1106  080 0960 4
21121918  159 1106  070 0970 4
21122000  172 1108  060 0980 3
21122006  181 1113  050 0990 3
21122012  190 1121  040 1000 2
21122018  198 1128  035 1004 2
21122100  206 1138  030 1006 1
21122106  215 1152  999 1008 6