66666 2 057 1  202106 FABIAN           2106 IN-FA            20231230
21071518  174 1350  025 1006 1
21071600  176 1348  025 1006 1
21071606  180 1346  025 1004 1
21071612  188 1344  025 1004 1
21071618  197 1341  025 1004 1
21071700  205 1336  030 1002 1
21071706  211 1332  030 1000 1
21071712  216 1328  030 1000 1
21071718  221 1326  035 0998 2
21071800  225 1325  035 0998 2
21071806  228 1324  040 0996 2
21071812  232 1323  040 0996 2
21071818  235 1322  045 0990 2
21071900  239 1319  050 0985 3
21071906  240 1317  050 0985 3
21071912  240 1315  055 0980 3
21071918  242 1312  055 0980 3
21072000  244 1308  060 0975 3
21072006  247 1298  065 0970 4
21072012  245 1290  070 0965 4
21072018  241 1282  075 0960 4
21072100  241 1279  080 0955 4
21072106  242 1272  080 0955 4
21072112  240 1266  080 0955 4
21072118  237 1262  080 0955 4
21072200  235 1260  080 0955 4
21072206  235 1259  080 0955 4
21072212  236 1258  080 0955 4
21072218  238 1255  080 0955 4
21072300  242 1254  080 0955 4
21072306  246 1251  080 0955 4
21072312  248 1250  075 0960 4
21072318  255 1249  075 0960 4
21072400  264 1247  075 0960 4
21072406  272 1243  075 0960 4
21072412  281 1240  075 0960 4
21072418  287 1237  075 0960 4
21072500  297 1230  065 0970 4
21072506  300 1225  065 0970 4
21072512  302 1220  060 0975 3
21072518  304 1216  055 0980 3
21072600  306 1212  050 0985 3
21072606  308 1209  050 0985 3
21072612  310 1205  045 0985 2
21072618  312 1200  040 0985 2
21072700  313 1195  040 0985 2
21072706  314 1190  035 0985 2
21072712  315 1189  035 0985 2
21072718  322 1182  030 0990 1
21072800  327 1176  030 0990 1
21072806  331 1170  030 0990 1
21072812  333 1169  030 0990 1
21072818  339 1168  030 0990 1
21072900  349 1167  030 0990 1
21072906  358 1171  025 0992 1
21072912  371 1174  025 0992 1
21072918  385 1176  999 0992 6