66666 1 015 1  202105 EMONG            9999 UNNAMED          20210724
21070318  127 1324  025 1004 1
21070400  135 1313  025 1004 1
21070406  144 1301  030 1002 1
21070412  156 1286  030 1002 1
21070418  169 1271  030 1002 1
21070421  177 1261  030 1002 1
21070500  184 1252  030 1002 1
21070503  188 1246  030 1002 1
21070506  195 1235  030 1002 1
21070509  201 1223  030 1002 1
21070512  206 1217  030 1002 1
21070515  212 1214  030 1002 1
21070518  217 1209  030 1002 1
21070600  223 1200  025 1004 1
21070606  236 1184  999 1004 6