66666 1 048 1  202115 ODETTE           2122 RAI              20220101
21121200  048 1454  025 1002 1
21121206  047 1448  025 1002 1
21121212  047 1437  025 1002 1
21121218  048 1428  025 1002 1
21121300  050 1418  030 1000 1
21121306  053 1409  035 0998 2
21121312  059 1398  035 0998 2
21121318  068 1386  045 0992 2
21121400  074 1370  050 0990 3
21121406  079 1356  055 0985 3
21121412  082 1347  055 0985 3
21121418  087 1333  060 0980 3
21121500  089 1323  065 0975 4
21121506  091 1310  070 0970 4
21121509  091 1307  070 0970 4
21121512  091 1302  075 0965 4
21121515  092 1296  080 0960 4
21121518  094 1290  085 0955 4
21121521  096 1283  090 0950 4
21121600  097 1276  100 0940 5
21121603  098 1268  105 0935 5
21121606  099 1260  105 0935 5
21121609  100 1252  100 0940 5
21121612  101 1243  095 0945 4
21121615  101 1234  090 0950 4
21121618  101 1225  085 0955 4
21121621  101 1219  085 0955 4
21121700  101 1212  080 0965 4
21121703  101 1206  080 0965 4
21121706  101 1199  080 0965 4
21121709  102 1192  080 0965 4
21121712  104 1185  080 0965 4
21121715  106 1180  080 0965 4
21121718  108 1173  080 0965 4
21121800  110 1159  085 0955 4
21121806  113 1147  090 0945 4
21121812  119 1134  100 0925 5
21121818  126 1122  105 0920 5
21121900  131 1114  100 0935 5
21121906  136 1110  095 0945 4
21121912  148 1107  085 0955 4
21121918  159 1106  075 0970 4
21122000  173 1108  065 0985 4
21122006  181 1113  055 0996 3
21122012  190 1121  045 1002 2
21122018  198 1128  035 1006 2
21122100  207 1137  030 1008 1
21122106  215 1152  999 1008 6