66666 1 041 1  202216 PAENG            2222 NALGAE           20221104
22102600  118 1335  025 1002 1
22102606  119 1328  025 1002 1
22102612  121 1322  025 1002 1
22102618  122 1320  030 1000 1
22102700  118 1317  035 0998 2
22102706  115 1313  035 0996 2
22102712  113 1305  035 0996 2
22102718  114 1294  040 0992 2
22102800  119 1278  040 0992 2
22102803  121 1272  040 0992 2
22102806  123 1266  045 0990 2
22102809  125 1260  045 0990 2
22102812  128 1253  045 0990 2
22102815  133 1245  050 0985 3
22102818  138 1239  050 0985 3
22102821  137 1228  055 0980 3
22102900  135 1222  055 0980 3
22102903  136 1219  055 0980 3
22102906  140 1217  055 0980 3
22102909  144 1214  050 0985 3
22102912  148 1211  050 0985 3
22102915  153 1206  045 0990 2
22102918  157 1198  045 0990 2
22103000  159 1186  045 0990 2
22103006  149 1174  045 0990 2
22103012  153 1177  045 0990 2
22103018  161 1174  045 0990 2
22103100  166 1170  055 0980 3
22103106  171 1167  065 0970 4
22103112  176 1165  065 0970 4
22103118  181 1163  065 0970 4
22110100  187 1161  065 0970 4
22110106  193 1159  065 0970 4
22110112  198 1158  060 0980 3
22110118  203 1157  055 0990 3
22110200  207 1155  055 0990 3
22110206  211 1152  050 0994 3
22110212  216 1147  045 0998 2
22110218  220 1140  045 1000 2  HKO Cheung Chau stn: E 92 km/h, 1810Z-1820Z
22110300  222 1133  025 1010 1
22110306  224 1127  999 1010 6