66666 1 043 2  202208 HENRY            2211 HINNAMNOR        20220907
22082700  225 1515  025 1006 1
22082706  228 1512  025 1006 1
22082712  231 1510  025 1006 1
22082718  240 1507  030 1004 1
22082800  249 1503  030 1002 1
22082806  259 1493  035 1000 2
22082812  267 1483  045 0996 2
22082818  271 1470  050 0994 3
22082900  273 1453  060 0985 3
22082906  274 1432  070 0975 4
22082912  273 1413  080 0965 4
22082918  271 1393  090 0945 4
22083000  268 1374  100 0935 5
22083006  267 1354  105 0925 5
22083012  266 1336  105 0925 5
22083018  263 1319  105 0925 5
22083100  258 1303  105 0925 5
22083106  254 1290  100 0930 5
22083112  247 1277  100 0930 5
22083118  237 1265  105 0920 5
22090100  225 1258  105 0920 5
22090106  217 1256  105 0920 5
22090112  212 1256  100 0925 5
22090118  213 1256  095 0930 4
22090200  215 1254  085 0950 4
22090206  219 1251  080 0955 4
22090212  220 1248  070 0965 4
22090218  223 1248  070 0965 4
22090300  230 1248  075 0955 4
22090306  236 1248  075 0955 4
22090312  243 1249  080 0950 4
22090318  251 1246  080 0950 4
22090400  260 1246  085 0940 4
22090406  270 1248  090 0935 4
22090412  276 1246  090 0935 4
22090418  286 1247  090 0935 4
22090500  298 1249  090 0935 4
22090506  310 1256  085 0940 4
22090512  324 1266  080 0950 4
22090518  342 1280  075 0955 4
22090600  365 1305  070 0965 4
22090606  398 1336  065 0970 4
22090612  444 1368  999 0980 7