66666 1 023 1  202203 CALOY            2203 CHABA            20220705
22062812  154 1163  025 1000 1
22062818  153 1166  025 1000 1
22062900  155 1165  025 1000 1
22062906  158 1161  030 0998 1
22062912  155 1155  030 0998 1
22062918  153 1149  030 0996 1
22063000  156 1153  035 0994 2
22063006  160 1155  040 0992 2
22063012  172 1151  045 0990 2
22063018  176 1147  050 0985 3
22070100  184 1141  055 0980 3
22070106  191 1133  060 0975 3
22070112  194 1128  060 0975 3
22070118  202 1120  065 0970 4
22070200  206 1118  070 0965 4
22070206  214 1113  070 0965 4
22070212  219 1108  055 0980 3
22070218  225 1105  045 0985 2
22070300  233 1104  040 0990 2
22070306  243 1105  035 0992 2
22070312  252 1106  030 0994 1
22070318  255 1108  025 0996 1
22070400  260 1117  999 0996 6