66666 1 018 1  202205 ESTER            2206 TRASES           20220802
22072818  196 1306  025 1002 1
22072900  202 1304  025 1002 1
22072906  208 1300  025 1002 1
22072912  209 1292  025 1002 1
22072918  210 1283  030 1000 1
22073000  212 1275  030 1000 1
22073006  216 1279  030 0998 1
22073012  228 1284  030 0998 1
22073018  239 1286  030 0998 1
22073100  263 1283  035 0998 2
22073106  274 1276  035 0998 2
22073112  291 1272  035 0998 2
22073118  306 1271  035 0998 2
22080100  327 1270  035 0998 2
22080106  345 1264  035 0998 2
22080112  364 1261  030 1000 1
22080118  378 1258  025 1002 1
22080200  389 1253  999 1004 6