66666 1 031 1  202201 AGATON           2202 MEGI             20220412
22040818  108 1267  025 1004 1
22040821  106 1266  025 1004 1
22040900  105 1267  025 1004 1
22040903  106 1269  025 1004 1
22040906  108 1269  030 1002 1
22040909  108 1268  030 1002 1
22040912  107 1267  030 1000 1
22040915  107 1266  030 1000 1
22040918  109 1263  035 0998 2
22040921  110 1260  040 0996 2
22041000  109 1257  040 0996 2
22041003  109 1256  040 0996 2
22041006  109 1255  035 0998 2
22041009  109 1254  035 0998 2
22041012  109 1253  035 0998 2
22041015  109 1252  035 0998 2
22041018  110 1251  035 0998 2
22041021  111 1251  030 1000 1
22041100  111 1251  030 1000 1
22041103  112 1251  030 1000 1
22041106  112 1251  030 1000 1
22041109  113 1250  030 1000 1
22041112  113 1249  025 1002 1
22041115  112 1249  025 1002 1
22041118  111 1250  025 1000 1
22041121  112 1251  025 1000 1
22041200  113 1251  025 1002 1
22041203  113 1250  025 1002 1
22041206  112 1249  025 1000 1
22041209  110 1250  025 1002 1
22041212  108 1253  999 1004 6